zero2w
        self.inp = [0.1,  1,  2,  3,  4, 10,  15,  20,  30]    #lux in
        self.uit = [  1,  2,  8, 22, 29, 75, 120, 160, 180]    #brightness out

#wk8 Susan
#    inval =  [  0.1,  1,  2,  3,  4,  10,  15,  20,  40]
#    uitval = [3, 7 , 14, 22, 29, 75, 120, 160, 180, 210]

woordklok developer (wk6)
    "LUT_IN":  [  0.4,  2,  3,  5,  10,  20,  30],
    "LUT_OUT": [1, 20, 30, 40, 60, 100, 160, 200],

    "LUT_IN":   [  0.2,  1,  2,  3,  5, 10,  20,  30],
    "LUT_OUT":  [1, 10, 20, 30, 40,  60, 100, 160, 200],

woordklok10

in           [  0.1,  1,  2,  3,  4,  10,  15,  20,  40]
out          [3, 7 , 14, 22, 29,  75, 120, 160, 180, 210]
